{
 "cells": [
  {
   "cell_type": "code",
   "execution_count": 27,
   "id": "f92e63cb",
   "metadata": {},
   "outputs": [
    {
     "name": "stdout",
     "output_type": "stream",
     "text": [
      "The autoreload extension is already loaded. To reload it, use:\n",
      "  %reload_ext autoreload\n"
     ]
    }
   ],
   "source": [
    "# Imports\n",
    "%load_ext autoreload\n",
    "%autoreload 2 \n",
    "# !apt-get install -y xvfb\n",
    "import pandas as pd\n",
    "import numpy as np\n",
    "import os\n",
    "import matplotlib.pyplot as plt\n",
    "import torch\n",
    "from tqdm.notebook import tqdm\n",
    "import networkx as nx\n",
    "from scipy import spatial\n",
    "\n",
    "# !apt-get install -y xvfb\n",
    "import time\n",
    "import torch\n",
    "import scipy\n",
    "import scipy.sparse\n",
    "from collections import Counter\n",
    "import torch.nn as nn\n",
    "from torch_geometric.data import Data\n",
    "from torch_geometric.nn import GATConv\n",
    "from torch_geometric.datasets import Planetoid\n",
    "import torch_geometric.transforms as T\n",
    "from torch_geometric.loader import DataLoader\n",
    "from torch_geometric.data import Dataset\n",
    "# https://www.youtube.com/watch?v=QLIkOtKS4os --> creating custom dataset in pytorch geometric\n",
    "from torch.utils.data import Dataset, random_split\n",
    "import torch_geometric\n",
    "from torch_geometric.data import Data, InMemoryDataset\n",
    "import torch_geometric\n",
    "from torch.nn import Linear\n",
    "import torch.nn.functional as F\n",
    "from torch_geometric.nn import GCNConv, GATConv, GlobalAttention\n",
    "from torch_geometric.nn import global_mean_pool, global_max_pool\n",
    "from torch_geometric.utils import to_networkx, from_networkx\n",
    "from sklearn.model_selection import StratifiedKFold\n",
    "import networkx as nx\n",
    "import pandas as pd\n",
    "import numpy as np\n",
    "import matplotlib as mpl\n",
    "import matplotlib.pyplot as plt\n",
    "import re\n",
    "import pickle\n",
    "import seaborn as sn\n",
    "import random\n",
    "import os\n",
    "from sklearn.preprocessing import MinMaxScaler, StandardScaler\n",
    "from tqdm import tqdm\n",
    "from sklearn.preprocessing import StandardScaler\n",
    "from collections import Counter\n",
    "from sklearn.preprocessing import LabelEncoder\n",
    "from sklearn.metrics import confusion_matrix, f1_score, accuracy_score\n",
    "\n",
    "from graph_utils import set_device_and_seed, set_seed, show, visualize_graph, visualize_embedding, _count_parameters,visualise_airway_tree_matplotlib\n",
    "from graph_datasets import CustomDataset\n",
    "from graph_models import CustomGlobalAttention, GAT\n",
    "\n",
    "# from IPython.core.display import display, HTML\n",
    "# display(HTML(\"<style>.container { width:100% !important; }</style>\"))\n",
    "%matplotlib notebook"
   ]
  },
  {
   "cell_type": "markdown",
   "id": "e3305f5d",
   "metadata": {},
   "source": [
    "## LOAD FILE W WEIBEL"
   ]
  },
  {
   "cell_type": "code",
   "execution_count": 16,
   "id": "f43c5ace",
   "metadata": {},
   "outputs": [],
   "source": [
    "# Load the e5 csv and add weibel gen (if uncommented)\n",
    "# orig_df = pd.read_csv(os.path.abspath(\"/home/sneha/e5lungairwaysvida_20140211.csv\"))\n",
    "orig_df = pd.read_csv(os.path.abspath('/home/sneha/e5_cleaned_normalised_0207.csv')) # original + weibel gen added\n",
    "label_df = pd.read_csv(os.path.abspath(\"/home/sneha/MESA_Exam5_airway_variants.csv\"))"
   ]
  },
  {
   "cell_type": "code",
   "execution_count": 17,
   "id": "fd1b228a",
   "metadata": {},
   "outputs": [
    {
     "data": {
      "text/html": [
       "<div>\n",
       "<style scoped>\n",
       "    .dataframe tbody tr th:only-of-type {\n",
       "        vertical-align: middle;\n",
       "    }\n",
       "\n",
       "    .dataframe tbody tr th {\n",
       "        vertical-align: top;\n",
       "    }\n",
       "\n",
       "    .dataframe thead th {\n",
       "        text-align: right;\n",
       "    }\n",
       "</style>\n",
       "<table border=\"1\" class=\"dataframe\">\n",
       "  <thead>\n",
       "    <tr style=\"text-align: right;\">\n",
       "      <th></th>\n",
       "      <th>idno</th>\n",
       "      <th>anatomicalname</th>\n",
       "      <th>centerlinelength</th>\n",
       "      <th>avginnerarea</th>\n",
       "      <th>lobe</th>\n",
       "      <th>sublobe</th>\n",
       "      <th>endbpid</th>\n",
       "      <th>startbpid</th>\n",
       "      <th>angle</th>\n",
       "      <th>dircosx</th>\n",
       "      <th>...</th>\n",
       "      <th>dircosx_norm</th>\n",
       "      <th>dircosy_norm</th>\n",
       "      <th>dircosz_norm</th>\n",
       "      <th>LL_1</th>\n",
       "      <th>Standard</th>\n",
       "      <th>Acc_B</th>\n",
       "      <th>Abs_RB7</th>\n",
       "      <th>Acc_LB7</th>\n",
       "      <th>Rare</th>\n",
       "      <th>Unclassified</th>\n",
       "    </tr>\n",
       "  </thead>\n",
       "  <tbody>\n",
       "    <tr>\n",
       "      <th>0</th>\n",
       "      <td>3010007</td>\n",
       "      <td>Trachea</td>\n",
       "      <td>104.96200</td>\n",
       "      <td>351.51300</td>\n",
       "      <td>0.0</td>\n",
       "      <td>0.0</td>\n",
       "      <td>1.0</td>\n",
       "      <td>-1.0</td>\n",
       "      <td>0.0000</td>\n",
       "      <td>-0.024446</td>\n",
       "      <td>...</td>\n",
       "      <td>0.487777</td>\n",
       "      <td>0.614894</td>\n",
       "      <td>0.986467</td>\n",
       "      <td>Standard</td>\n",
       "      <td>1.0</td>\n",
       "      <td>0.0</td>\n",
       "      <td>0.0</td>\n",
       "      <td>0.0</td>\n",
       "      <td>0.0</td>\n",
       "      <td>0.0</td>\n",
       "    </tr>\n",
       "    <tr>\n",
       "      <th>1</th>\n",
       "      <td>3010007</td>\n",
       "      <td>LMB</td>\n",
       "      <td>51.01420</td>\n",
       "      <td>148.68100</td>\n",
       "      <td>0.0</td>\n",
       "      <td>0.0</td>\n",
       "      <td>3.0</td>\n",
       "      <td>1.0</td>\n",
       "      <td>140.0360</td>\n",
       "      <td>0.608512</td>\n",
       "      <td>...</td>\n",
       "      <td>0.804256</td>\n",
       "      <td>0.522963</td>\n",
       "      <td>0.896107</td>\n",
       "      <td>Standard</td>\n",
       "      <td>1.0</td>\n",
       "      <td>0.0</td>\n",
       "      <td>0.0</td>\n",
       "      <td>0.0</td>\n",
       "      <td>0.0</td>\n",
       "      <td>0.0</td>\n",
       "    </tr>\n",
       "    <tr>\n",
       "      <th>2</th>\n",
       "      <td>3010007</td>\n",
       "      <td>RMB</td>\n",
       "      <td>25.44420</td>\n",
       "      <td>215.56900</td>\n",
       "      <td>0.0</td>\n",
       "      <td>0.0</td>\n",
       "      <td>2.0</td>\n",
       "      <td>1.0</td>\n",
       "      <td>134.8050</td>\n",
       "      <td>-0.694225</td>\n",
       "      <td>...</td>\n",
       "      <td>0.152888</td>\n",
       "      <td>0.476061</td>\n",
       "      <td>0.859082</td>\n",
       "      <td>Standard</td>\n",
       "      <td>1.0</td>\n",
       "      <td>0.0</td>\n",
       "      <td>0.0</td>\n",
       "      <td>0.0</td>\n",
       "      <td>0.0</td>\n",
       "      <td>0.0</td>\n",
       "    </tr>\n",
       "    <tr>\n",
       "      <th>3</th>\n",
       "      <td>3010007</td>\n",
       "      <td>BronInt</td>\n",
       "      <td>29.83190</td>\n",
       "      <td>111.98300</td>\n",
       "      <td>0.0</td>\n",
       "      <td>0.0</td>\n",
       "      <td>4.0</td>\n",
       "      <td>2.0</td>\n",
       "      <td>160.3120</td>\n",
       "      <td>-0.417837</td>\n",
       "      <td>...</td>\n",
       "      <td>0.291081</td>\n",
       "      <td>0.509083</td>\n",
       "      <td>0.954171</td>\n",
       "      <td>Standard</td>\n",
       "      <td>1.0</td>\n",
       "      <td>0.0</td>\n",
       "      <td>0.0</td>\n",
       "      <td>0.0</td>\n",
       "      <td>0.0</td>\n",
       "      <td>0.0</td>\n",
       "    </tr>\n",
       "    <tr>\n",
       "      <th>4</th>\n",
       "      <td>3010007</td>\n",
       "      <td>RUL</td>\n",
       "      <td>16.64940</td>\n",
       "      <td>75.69660</td>\n",
       "      <td>3.0</td>\n",
       "      <td>0.0</td>\n",
       "      <td>5.0</td>\n",
       "      <td>2.0</td>\n",
       "      <td>98.5825</td>\n",
       "      <td>-0.813123</td>\n",
       "      <td>...</td>\n",
       "      <td>0.093438</td>\n",
       "      <td>0.480640</td>\n",
       "      <td>0.209599</td>\n",
       "      <td>Standard</td>\n",
       "      <td>1.0</td>\n",
       "      <td>0.0</td>\n",
       "      <td>0.0</td>\n",
       "      <td>0.0</td>\n",
       "      <td>0.0</td>\n",
       "      <td>0.0</td>\n",
       "    </tr>\n",
       "    <tr>\n",
       "      <th>...</th>\n",
       "      <td>...</td>\n",
       "      <td>...</td>\n",
       "      <td>...</td>\n",
       "      <td>...</td>\n",
       "      <td>...</td>\n",
       "      <td>...</td>\n",
       "      <td>...</td>\n",
       "      <td>...</td>\n",
       "      <td>...</td>\n",
       "      <td>...</td>\n",
       "      <td>...</td>\n",
       "      <td>...</td>\n",
       "      <td>...</td>\n",
       "      <td>...</td>\n",
       "      <td>...</td>\n",
       "      <td>...</td>\n",
       "      <td>...</td>\n",
       "      <td>...</td>\n",
       "      <td>...</td>\n",
       "      <td>...</td>\n",
       "      <td>...</td>\n",
       "    </tr>\n",
       "    <tr>\n",
       "      <th>884128</th>\n",
       "      <td>8024995</td>\n",
       "      <td>-</td>\n",
       "      <td>7.76122</td>\n",
       "      <td>8.59789</td>\n",
       "      <td>2.0</td>\n",
       "      <td>9.0</td>\n",
       "      <td>308.0</td>\n",
       "      <td>284.0</td>\n",
       "      <td>165.5500</td>\n",
       "      <td>-0.145479</td>\n",
       "      <td>...</td>\n",
       "      <td>0.427260</td>\n",
       "      <td>0.790957</td>\n",
       "      <td>0.900066</td>\n",
       "      <td>Acc. B*</td>\n",
       "      <td>0.0</td>\n",
       "      <td>1.0</td>\n",
       "      <td>0.0</td>\n",
       "      <td>0.0</td>\n",
       "      <td>0.0</td>\n",
       "      <td>0.0</td>\n",
       "    </tr>\n",
       "    <tr>\n",
       "      <th>884129</th>\n",
       "      <td>8024995</td>\n",
       "      <td>-</td>\n",
       "      <td>18.25130</td>\n",
       "      <td>3.55283</td>\n",
       "      <td>2.0</td>\n",
       "      <td>9.0</td>\n",
       "      <td>309.0</td>\n",
       "      <td>285.0</td>\n",
       "      <td>172.0070</td>\n",
       "      <td>0.515058</td>\n",
       "      <td>...</td>\n",
       "      <td>0.757529</td>\n",
       "      <td>0.741433</td>\n",
       "      <td>0.854102</td>\n",
       "      <td>Acc. B*</td>\n",
       "      <td>0.0</td>\n",
       "      <td>1.0</td>\n",
       "      <td>0.0</td>\n",
       "      <td>0.0</td>\n",
       "      <td>0.0</td>\n",
       "      <td>0.0</td>\n",
       "    </tr>\n",
       "    <tr>\n",
       "      <th>884130</th>\n",
       "      <td>8024995</td>\n",
       "      <td>-</td>\n",
       "      <td>1.06394</td>\n",
       "      <td>-1.00000</td>\n",
       "      <td>2.0</td>\n",
       "      <td>9.0</td>\n",
       "      <td>310.0</td>\n",
       "      <td>285.0</td>\n",
       "      <td>120.9650</td>\n",
       "      <td>-0.577350</td>\n",
       "      <td>...</td>\n",
       "      <td>0.211325</td>\n",
       "      <td>0.788675</td>\n",
       "      <td>0.788675</td>\n",
       "      <td>Acc. B*</td>\n",
       "      <td>0.0</td>\n",
       "      <td>1.0</td>\n",
       "      <td>0.0</td>\n",
       "      <td>0.0</td>\n",
       "      <td>0.0</td>\n",
       "      <td>0.0</td>\n",
       "    </tr>\n",
       "    <tr>\n",
       "      <th>884131</th>\n",
       "      <td>8024995</td>\n",
       "      <td>-</td>\n",
       "      <td>9.27626</td>\n",
       "      <td>7.71677</td>\n",
       "      <td>2.0</td>\n",
       "      <td>9.0</td>\n",
       "      <td>311.0</td>\n",
       "      <td>286.0</td>\n",
       "      <td>152.5930</td>\n",
       "      <td>0.285831</td>\n",
       "      <td>...</td>\n",
       "      <td>0.642915</td>\n",
       "      <td>0.642915</td>\n",
       "      <td>0.957330</td>\n",
       "      <td>Acc. B*</td>\n",
       "      <td>0.0</td>\n",
       "      <td>1.0</td>\n",
       "      <td>0.0</td>\n",
       "      <td>0.0</td>\n",
       "      <td>0.0</td>\n",
       "      <td>0.0</td>\n",
       "    </tr>\n",
       "    <tr>\n",
       "      <th>884132</th>\n",
       "      <td>8024995</td>\n",
       "      <td>-</td>\n",
       "      <td>5.56000</td>\n",
       "      <td>5.74425</td>\n",
       "      <td>2.0</td>\n",
       "      <td>9.0</td>\n",
       "      <td>312.0</td>\n",
       "      <td>286.0</td>\n",
       "      <td>112.7150</td>\n",
       "      <td>-0.464991</td>\n",
       "      <td>...</td>\n",
       "      <td>0.267504</td>\n",
       "      <td>0.093133</td>\n",
       "      <td>0.674372</td>\n",
       "      <td>Acc. B*</td>\n",
       "      <td>0.0</td>\n",
       "      <td>1.0</td>\n",
       "      <td>0.0</td>\n",
       "      <td>0.0</td>\n",
       "      <td>0.0</td>\n",
       "      <td>0.0</td>\n",
       "    </tr>\n",
       "  </tbody>\n",
       "</table>\n",
       "<p>884133 rows × 49 columns</p>\n",
       "</div>"
      ],
      "text/plain": [
       "           idno anatomicalname  centerlinelength  avginnerarea  lobe  sublobe  \\\n",
       "0       3010007        Trachea         104.96200     351.51300   0.0      0.0   \n",
       "1       3010007            LMB          51.01420     148.68100   0.0      0.0   \n",
       "2       3010007            RMB          25.44420     215.56900   0.0      0.0   \n",
       "3       3010007        BronInt          29.83190     111.98300   0.0      0.0   \n",
       "4       3010007            RUL          16.64940      75.69660   3.0      0.0   \n",
       "...         ...            ...               ...           ...   ...      ...   \n",
       "884128  8024995              -           7.76122       8.59789   2.0      9.0   \n",
       "884129  8024995              -          18.25130       3.55283   2.0      9.0   \n",
       "884130  8024995              -           1.06394      -1.00000   2.0      9.0   \n",
       "884131  8024995              -           9.27626       7.71677   2.0      9.0   \n",
       "884132  8024995              -           5.56000       5.74425   2.0      9.0   \n",
       "\n",
       "        endbpid  startbpid     angle   dircosx  ...  dircosx_norm  \\\n",
       "0           1.0       -1.0    0.0000 -0.024446  ...      0.487777   \n",
       "1           3.0        1.0  140.0360  0.608512  ...      0.804256   \n",
       "2           2.0        1.0  134.8050 -0.694225  ...      0.152888   \n",
       "3           4.0        2.0  160.3120 -0.417837  ...      0.291081   \n",
       "4           5.0        2.0   98.5825 -0.813123  ...      0.093438   \n",
       "...         ...        ...       ...       ...  ...           ...   \n",
       "884128    308.0      284.0  165.5500 -0.145479  ...      0.427260   \n",
       "884129    309.0      285.0  172.0070  0.515058  ...      0.757529   \n",
       "884130    310.0      285.0  120.9650 -0.577350  ...      0.211325   \n",
       "884131    311.0      286.0  152.5930  0.285831  ...      0.642915   \n",
       "884132    312.0      286.0  112.7150 -0.464991  ...      0.267504   \n",
       "\n",
       "        dircosy_norm  dircosz_norm      LL_1  Standard  Acc_B  Abs_RB7  \\\n",
       "0           0.614894      0.986467  Standard       1.0    0.0      0.0   \n",
       "1           0.522963      0.896107  Standard       1.0    0.0      0.0   \n",
       "2           0.476061      0.859082  Standard       1.0    0.0      0.0   \n",
       "3           0.509083      0.954171  Standard       1.0    0.0      0.0   \n",
       "4           0.480640      0.209599  Standard       1.0    0.0      0.0   \n",
       "...              ...           ...       ...       ...    ...      ...   \n",
       "884128      0.790957      0.900066   Acc. B*       0.0    1.0      0.0   \n",
       "884129      0.741433      0.854102   Acc. B*       0.0    1.0      0.0   \n",
       "884130      0.788675      0.788675   Acc. B*       0.0    1.0      0.0   \n",
       "884131      0.642915      0.957330   Acc. B*       0.0    1.0      0.0   \n",
       "884132      0.093133      0.674372   Acc. B*       0.0    1.0      0.0   \n",
       "\n",
       "        Acc_LB7  Rare  Unclassified  \n",
       "0           0.0   0.0           0.0  \n",
       "1           0.0   0.0           0.0  \n",
       "2           0.0   0.0           0.0  \n",
       "3           0.0   0.0           0.0  \n",
       "4           0.0   0.0           0.0  \n",
       "...         ...   ...           ...  \n",
       "884128      0.0   0.0           0.0  \n",
       "884129      0.0   0.0           0.0  \n",
       "884130      0.0   0.0           0.0  \n",
       "884131      0.0   0.0           0.0  \n",
       "884132      0.0   0.0           0.0  \n",
       "\n",
       "[884133 rows x 49 columns]"
      ]
     },
     "execution_count": 17,
     "metadata": {},
     "output_type": "execute_result"
    }
   ],
   "source": []
  },
  {
   "cell_type": "markdown",
   "id": "c689a068",
   "metadata": {},
   "source": [
    "### Apply Shift + Scale to standardise the trees + Re Do normalisation of xyz of shifted coords ACROSS ALL TREES FOR NOW (May need to change to per tree)"
   ]
  },
  {
   "cell_type": "code",
   "execution_count": 22,
   "id": "2d2a7ef4",
   "metadata": {},
   "outputs": [
    {
     "name": "stdout",
     "output_type": "stream",
     "text": [
      "Checking carina now at 0\n"
     ]
    },
    {
     "data": {
      "text/html": [
       "<div>\n",
       "<style scoped>\n",
       "    .dataframe tbody tr th:only-of-type {\n",
       "        vertical-align: middle;\n",
       "    }\n",
       "\n",
       "    .dataframe tbody tr th {\n",
       "        vertical-align: top;\n",
       "    }\n",
       "\n",
       "    .dataframe thead th {\n",
       "        text-align: right;\n",
       "    }\n",
       "</style>\n",
       "<table border=\"1\" class=\"dataframe\">\n",
       "  <thead>\n",
       "    <tr style=\"text-align: right;\">\n",
       "      <th></th>\n",
       "      <th>x</th>\n",
       "      <th>y</th>\n",
       "      <th>z</th>\n",
       "    </tr>\n",
       "  </thead>\n",
       "  <tbody>\n",
       "    <tr>\n",
       "      <th>0</th>\n",
       "      <td>0.0</td>\n",
       "      <td>0.0</td>\n",
       "      <td>0.0</td>\n",
       "    </tr>\n",
       "    <tr>\n",
       "      <th>351</th>\n",
       "      <td>0.0</td>\n",
       "      <td>0.0</td>\n",
       "      <td>0.0</td>\n",
       "    </tr>\n",
       "    <tr>\n",
       "      <th>779</th>\n",
       "      <td>0.0</td>\n",
       "      <td>0.0</td>\n",
       "      <td>0.0</td>\n",
       "    </tr>\n",
       "    <tr>\n",
       "      <th>1198</th>\n",
       "      <td>0.0</td>\n",
       "      <td>0.0</td>\n",
       "      <td>0.0</td>\n",
       "    </tr>\n",
       "    <tr>\n",
       "      <th>1371</th>\n",
       "      <td>0.0</td>\n",
       "      <td>0.0</td>\n",
       "      <td>0.0</td>\n",
       "    </tr>\n",
       "    <tr>\n",
       "      <th>...</th>\n",
       "      <td>...</td>\n",
       "      <td>...</td>\n",
       "      <td>...</td>\n",
       "    </tr>\n",
       "    <tr>\n",
       "      <th>882842</th>\n",
       "      <td>0.0</td>\n",
       "      <td>0.0</td>\n",
       "      <td>0.0</td>\n",
       "    </tr>\n",
       "    <tr>\n",
       "      <th>883044</th>\n",
       "      <td>0.0</td>\n",
       "      <td>0.0</td>\n",
       "      <td>0.0</td>\n",
       "    </tr>\n",
       "    <tr>\n",
       "      <th>883201</th>\n",
       "      <td>0.0</td>\n",
       "      <td>0.0</td>\n",
       "      <td>0.0</td>\n",
       "    </tr>\n",
       "    <tr>\n",
       "      <th>883573</th>\n",
       "      <td>0.0</td>\n",
       "      <td>0.0</td>\n",
       "      <td>0.0</td>\n",
       "    </tr>\n",
       "    <tr>\n",
       "      <th>883821</th>\n",
       "      <td>0.0</td>\n",
       "      <td>0.0</td>\n",
       "      <td>0.0</td>\n",
       "    </tr>\n",
       "  </tbody>\n",
       "</table>\n",
       "<p>2925 rows × 3 columns</p>\n",
       "</div>"
      ],
      "text/plain": [
       "          x    y    z\n",
       "0       0.0  0.0  0.0\n",
       "351     0.0  0.0  0.0\n",
       "779     0.0  0.0  0.0\n",
       "1198    0.0  0.0  0.0\n",
       "1371    0.0  0.0  0.0\n",
       "...     ...  ...  ...\n",
       "882842  0.0  0.0  0.0\n",
       "883044  0.0  0.0  0.0\n",
       "883201  0.0  0.0  0.0\n",
       "883573  0.0  0.0  0.0\n",
       "883821  0.0  0.0  0.0\n",
       "\n",
       "[2925 rows x 3 columns]"
      ]
     },
     "metadata": {},
     "output_type": "display_data"
    }
   ],
   "source": [
    "# carina_locs\n",
    "def _shift_df(orig_df):\n",
    "    carina_locs = orig_df.loc[orig_df.endbpid==1, ['idno', 'x','y','z']]\n",
    "    carina_locs = carina_locs.rename(columns={'x':'shift_x','y':'shift_y','z':'shift_z'})\n",
    "    shifted_df = orig_df.merge(carina_locs, on='idno', how='left')\n",
    "    # apply shift\n",
    "    shifted_df[['x','y','z']] = shifted_df[['x','y','z']].values.squeeze() - shifted_df[['shift_x','shift_y','shift_z']].values.squeeze()\n",
    "    shifted_df[[\"parent_loc_x\",\"parent_loc_y\",\"parent_loc_z\"]] = shifted_df[[\"parent_loc_x\",\"parent_loc_y\",\"parent_loc_z\"]].values.squeeze() - shifted_df[['shift_x','shift_y','shift_z']].values.squeeze()\n",
    "    # check all caaina are now 0\n",
    "#     display(shifted_df.loc[shifted_df.endbpid==1, ['idno', 'x','y','z']])\n",
    "    return shifted_df\n",
    "\n",
    "shifted_df = _shift_df(orig_df)\n",
    "print('Checking carina now at 0')\n",
    "display(shifted_df.loc[shifted_df.startbpid==-1, ['x','y','z']])"
   ]
  },
  {
   "cell_type": "code",
   "execution_count": 23,
   "id": "a8dff1ce",
   "metadata": {},
   "outputs": [],
   "source": [
    "def _get_rot_mat(test):\n",
    "    carina = test.loc[test.anatomicalname.str.lower() =='trachea', ['x', 'y', 'z']].values.squeeze()\n",
    "    trachea = test.loc[test.anatomicalname.str.lower() =='trachea', [\"parent_loc_x\",\"parent_loc_y\",\"parent_loc_z\"]].values.squeeze()\n",
    "    if len(carina) < 3:\n",
    "        # maybe labelling not right - try another way\n",
    "        carina = test.loc[test.startbpid==-1, ['x', 'y', 'z']].values.squeeze()\n",
    "        assert len(carina) > 2, f'cannot find carina for {test.idno.unique()}, {carina}'\n",
    "    lmb = test.loc[test.anatomicalname.str.lower() =='lmb', ['x', 'y', 'z']].values.squeeze()\n",
    "    if len(lmb) < 3:\n",
    "        # maybe labelling not right - try another way\n",
    "        lmb = test.loc[((test.startbpid==1)& (test.anatomicalname.str.lower() != 'rmb')), ['x', 'y', 'z']].values.squeeze()\n",
    "        assert len(lmb) > 2, f'cannot find lmb for {test.idno.unique()}, {lmb}'\n",
    "    rmb = test.loc[test.anatomicalname.str.lower() =='rmb', ['x', 'y', 'z']].values.squeeze()\n",
    "    if len(rmb) < 3:\n",
    "        # maybe labelling not right - try another way\n",
    "        lmb = test.loc[((test.startbpid==1)& (test.anatomicalname.str.lower() != 'lmb')), ['x', 'y', 'z']].values.squeeze()\n",
    "        assert len(rmb) > 2, f'cannot find rmb for {test.idno.unique()}, {rmb}'\n",
    "        \n",
    "    print(carina, lmb, rmb)\n",
    "    v1 = rmb - carina\n",
    "    # trachea\n",
    "#     v1 = carina - trachea \n",
    "    v2 = lmb - carina\n",
    "    # normal to the plane containing v1 and v2 make this the z axis\n",
    "    n3 = np.cross(v1, v2)\n",
    "    n3 /= scipy.linalg.norm(n3)\n",
    "\n",
    "    n2 = v1/scipy.linalg.norm(v1) # make v1 (rmb) this y axis\n",
    "\n",
    "    #x axis is perpendicular to n3 and n2\n",
    "    n1 = np.cross(n2, n3)\n",
    "    n1 /= scipy.linalg.norm(n1)\n",
    "    n1, n2, n3 = n1.squeeze(), n2.squeeze(), n3.squeeze()\n",
    "    e1, e2, e3 = np.array([1,0,0]), np.array([0,1,0]), np.array([0,0,1])\n",
    "    new_coord_sys = [n1.squeeze(), n2.squeeze(), n3.squeeze()]\n",
    "    print(new_coord_sys)\n",
    "    old_coord_sys = [e1, e2, e3]\n",
    "#     print('new', new_coord_sys)\n",
    "#     print('old', old_coord_sys)\n",
    "    rot_mat = np.inner(new_coord_sys,old_coord_sys)\n",
    "    return rot_mat\n",
    "\n",
    "\n",
    "def _rotate_trees(df):\n",
    "    \n",
    "    for i, (name, participant_df) in tqdm(list(enumerate(df.groupby('idno')))):\n",
    "        rot_mat = _get_rot_mat(participant_df)\n",
    "        print('Rot mat', rot_mat)\n",
    "        \n",
    "        def _apply_transform(v):\n",
    "            transformed_v =np.matmul(rot_mat, v)\n",
    "            return transformed_v\n",
    "\n",
    "        participant_df[['nx', 'ny', 'nz']] = np.apply_along_axis(_apply_transform,1, participant_df[[\"x\",\"y\",\"z\"]].values.squeeze())\n",
    "        participant_df[[\"parent_loc_nx\",\"parent_loc_ny\",\"parent_loc_nz\"]] = np.apply_along_axis(_apply_transform,1, participant_df[[\"parent_loc_x\",\"parent_loc_y\",\"parent_loc_z\"]].values.squeeze())\n",
    "\n",
    "        if i ==0:\n",
    "            df_rotated = participant_df.copy()\n",
    "        else:\n",
    "            df_rotated = pd.concat([df_rotated, participant_df], axis=0)\n",
    "        \n",
    "        print(len(df_rotated))\n",
    "    return df_rotated\n",
    "\n"
   ]
  },
  {
   "cell_type": "code",
   "execution_count": 24,
   "id": "04dfe8c7",
   "metadata": {},
   "outputs": [
    {
     "name": "stderr",
     "output_type": "stream",
     "text": [
      "  0%|▏                                                                                 | 6/2911 [00:00<00:54, 53.01it/s]"
     ]
    },
    {
     "name": "stdout",
     "output_type": "stream",
     "text": [
      "[0. 0. 0.] [31.04275287  2.34285264 40.41416344] [-17.66399974  -1.21820723  18.27310845]\n",
      "[array([-0.7161818 , -0.05339288, -0.6958684 ]), array([-0.69422495, -0.0478776 ,  0.71816395]), array([-0.07166135,  0.99742515, -0.00277761])]\n",
      "Rot mat [[-0.7161818  -0.05339288 -0.6958684 ]\n",
      " [-0.69422495 -0.0478776   0.71816395]\n",
      " [-0.07166135  0.99742515 -0.00277761]]\n",
      "351\n",
      "[0. 0. 0.] [27.41366972  6.72408072 40.34463206] [-20.54015445  -0.52667151  20.0134772 ]\n",
      "[array([-0.68894887, -0.14176896, -0.71081011]), array([-0.71610895, -0.0183618 ,  0.69774695]), array([-0.11197061,  0.98972946, -0.08887168])]\n",
      "Rot mat [[-0.68894887 -0.14176896 -0.71081011]\n",
      " [-0.71610895 -0.0183618   0.69774695]\n",
      " [-0.11197061  0.98972946 -0.08887168]]\n",
      "779\n",
      "[0. 0. 0.] [29.95699369  0.         38.73746988] [-8.60785005 -1.01268797 21.26643822]\n",
      "[array([-0.9262151 , -0.02568104, -0.37611976]), array([-0.37482801, -0.0440974 ,  0.92604502]), array([-0.0403677 ,  0.9986971 ,  0.03121771])]\n",
      "Rot mat [[-0.9262151  -0.02568104 -0.37611976]\n",
      " [-0.37482801 -0.0440974   0.92604502]\n",
      " [-0.0403677   0.9986971   0.03121771]]\n",
      "1198\n",
      "[0. 0. 0.] [34.26306523  1.12337887 34.26306523] [-11.21431932  -1.6020453   18.69051762]\n",
      "[array([-0.85514321, -0.04200772, -0.51668699]), array([-0.51311196, -0.07330169,  0.85518593]), array([-0.07379844,  0.99642472,  0.04112879])]\n",
      "Rot mat [[-0.85514321 -0.04200772 -0.51668699]\n",
      " [-0.51311196 -0.07330169  0.85518593]\n",
      " [-0.07379844  0.99642472  0.04112879]]\n",
      "1371\n",
      "[0. 0. 0.] [32.33731938  9.54214625 39.22888094] [-9.34149807  0.         15.5691574 ]\n",
      "[array([-0.84097659, -0.19532332, -0.50458615]), array([-0.5144959 ,  0.        ,  0.85749284]), array([-0.16748835,  0.98073891, -0.10049305])]\n",
      "Rot mat [[-0.84097659 -0.19532332 -0.50458615]\n",
      " [-0.5144959   0.          0.85749284]\n",
      " [-0.16748835  0.98073891 -0.10049305]]\n",
      "1839\n",
      "[0. 0. 0.] [36.54350205  9.43057949 35.95406803] [-14.23786003  -2.2780576   17.65493732]\n",
      "[array([-0.75225486, -0.18932221, -0.63108615]), array([-0.62460993, -0.09993759,  0.77451592]), array([-0.20970229,  0.97681604, -0.04307399])]\n",
      "Rot mat [[-0.75225486 -0.18932221 -0.63108615]\n",
      " [-0.62460993 -0.09993759  0.77451592]\n",
      " [-0.20970229  0.97681604 -0.04307399]]\n",
      "2351\n",
      "[0. 0. 0.] [37.05551129  1.23518371 35.20270505] [-17.94156561  -1.92231044  13.45617983]\n",
      "[array([-0.59928867, -0.00994047, -0.80047129]), array([-0.7970772 , -0.08540112,  0.59780815]), array([-0.07430364,  0.99629706,  0.0432566 ])]\n",
      "Rot mat [[-0.59928867 -0.00994047 -0.80047129]\n",
      " [-0.7970772  -0.08540112  0.59780815]\n",
      " [-0.07430364  0.99629706  0.0432566 ]]\n",
      "2820\n",
      "[0. 0. 0.] [35.09547977  3.29020152 29.61181825] [-17.45880361   4.91028775  16.36761769]\n",
      "[array([-0.69468272, -0.0919223 , -0.71341868]), array([-0.71464921,  0.20099506,  0.6699832 ]), array([ 0.08180723,  0.97526985, -0.20532   ])]\n",
      "Rot mat [[-0.69468272 -0.0919223  -0.71341868]\n",
      " [-0.71464921  0.20099506  0.6699832 ]\n",
      " [ 0.08180723  0.97526985 -0.20532   ]]\n",
      "3155\n",
      "[0. 0. 0.] [36.27998356 -0.60466728 38.69864206] [-17.01008933   0.          21.70251826]\n",
      "[array([-0.78700344,  0.01153277, -0.61684081]), array([-0.61688183,  0.        ,  0.78705578]), array([0.00907694, 0.9999335 , 0.00711436])]\n",
      "Rot mat [[-0.78700344  0.01153277 -0.61684081]\n",
      " [-0.61688183  0.          0.78705578]\n",
      " [ 0.00907694  0.9999335   0.00711436]]\n",
      "3398\n",
      "[0. 0. 0.] [36.35093813 -2.93152678 34.59200799] [-13.39887726   0.55828674  18.42345339]\n",
      "[array([-0.80628397,  0.06202401, -0.58826795]), array([-0.58799521,  0.02449981,  0.80849329]), array([0.06455845, 0.99777391, 0.01671602])]\n",
      "Rot mat [[-0.80628397  0.06202401 -0.58826795]\n",
      " [-0.58799521  0.02449981  0.80849329]\n",
      " [ 0.06455845  0.99777391  0.01671602]]\n",
      "3876\n",
      "[0. 0. 0.] [28.51112036  2.23616518 38.01482715] [-12.95360988  -1.07946705  23.20852553]\n",
      "[array([-0.86972573, -0.06926627, -0.48865053]), array([-0.48696511, -0.04058041,  0.8724782 ]), array([-0.08026295,  0.9967725 ,  0.00156357])]\n",
      "Rot mat [[-0.86972573 -0.06926627 -0.48865053]\n",
      " [-0.48696511 -0.04058041  0.8724782 ]\n",
      " [-0.08026295  0.9967725   0.00156357]]\n"
     ]
    },
    {
     "name": "stderr",
     "output_type": "stream",
     "text": [
      "  1%|▌                                                                                | 18/2911 [00:00<00:56, 51.63it/s]"
     ]
    },
    {
     "name": "stdout",
     "output_type": "stream",
     "text": [
      "4342\n",
      "[0. 0. 0.] [28.06214154  6.17368145 37.04199496] [-21.072017     3.41709273  25.05860324]\n",
      "[array([-0.76804371, -0.11062967, -0.63076932]), array([-0.64012323,  0.10380404,  0.76122728]), array([-0.01873792,  0.98842592, -0.15054266])]\n",
      "Rot mat [[-0.76804371 -0.11062967 -0.63076932]\n",
      " [-0.64012323  0.10380404  0.76122728]\n",
      " [-0.01873792  0.98842592 -0.15054266]]\n",
      "4809\n",
      "[0. 0. 0.] [34.26276626  5.13941273 27.4101865 ] [-14.3645721    1.59606357  23.9409535 ]\n",
      "[array([-0.85554384, -0.10944636, -0.50602988]), array([-0.51365713,  0.05707301,  0.85609522]), array([-0.06481585,  0.99235284, -0.10504637])]\n",
      "Rot mat [[-0.85554384 -0.10944636 -0.50602988]\n",
      " [-0.51365713  0.05707301  0.85609522]\n",
      " [-0.06481585  0.99235284 -0.10504637]]\n",
      "5415\n",
      "[0. 0. 0.] [34.08541312  9.08941734 34.08541312] [-14.87165193   4.40640327  19.82885245]\n",
      "[array([-0.80648598, -0.15794888, -0.56976531]), array([-0.59073786,  0.17503296,  0.78764982]), array([-0.0246807 ,  0.97181048, -0.23446802])]\n",
      "Rot mat [[-0.80648598 -0.15794888 -0.56976531]\n",
      " [-0.59073786  0.17503296  0.78764982]\n",
      " [-0.0246807   0.97181048 -0.23446802]]\n",
      "5597\n",
      "[0. 0. 0.] [34.5158349  0.        36.8168872] [-17.20858035   2.29447824  18.92945637]\n",
      "[array([-0.73949207,  0.00711777, -0.67312764]), array([-0.66998309,  0.08933111,  0.7369821 ]), array([ 0.06537691,  0.99597655, -0.06129086])]\n",
      "Rot mat [[-0.73949207  0.00711777 -0.67312764]\n",
      " [-0.66998309  0.08933111  0.7369821 ]\n",
      " [ 0.06537691  0.99597655 -0.06129086]]\n",
      "5921\n",
      "[0. 0. 0.] [26.95861638  9.35299411 36.86177016] [-19.29880876  -0.58481268  14.03549945]\n",
      "[array([-0.57225246, -0.20046134, -0.79519958]), array([-0.80849329, -0.02449981,  0.58799521]), array([-0.13735255,  0.97939523, -0.14805158])]\n",
      "Rot mat [[-0.57225246 -0.20046134 -0.79519958]\n",
      " [-0.80849329 -0.02449981  0.58799521]\n",
      " [-0.13735255  0.97939523 -0.14805158]]\n",
      "6283\n",
      "[0. 0. 0.] [42.17112006  3.56375492 39.20130987] [-14.93476623  -2.29765527  17.8068178 ]\n",
      "[array([-0.7602851 , -0.06622771, -0.64620466]), array([-0.63949506, -0.09838381,  0.76247407]), array([-0.11407299,  0.99294235,  0.03244745])]\n",
      "Rot mat [[-0.7602851  -0.06622771 -0.64620466]\n",
      " [-0.63949506 -0.09838381  0.76247407]\n",
      " [-0.11407299  0.99294235  0.03244745]]\n",
      "6544\n",
      "[0. 0. 0.] [32.37476155  3.77705478 29.67684639] [-6.73375246  0.51798149 11.91356732]\n",
      "[array([-0.86930195, -0.07915007, -0.48790305]), array([-0.49170499,  0.0378235 ,  0.86993999]), array([-0.05040161,  0.99614489, -0.07179853])]\n",
      "Rot mat [[-0.86930195 -0.07915007 -0.48790305]\n",
      " [-0.49170499  0.0378235   0.86993999]\n",
      " [-0.05040161  0.99614489 -0.07179853]]\n",
      "6888\n",
      "[0. 0. 0.] [38.64194707  9.93648062 30.36155491] [-15.87640718   0.52921357  17.46403846]\n",
      "[array([-0.72798583, -0.20009727, -0.65574211]), array([-0.67250396,  0.0224168 ,  0.73975395]), array([-0.1333231 ,  0.97951956, -0.15088532])]\n",
      "Rot mat [[-0.72798583 -0.20009727 -0.65574211]\n",
      " [-0.67250396  0.0224168   0.73975395]\n",
      " [-0.1333231   0.97951956 -0.15088532]]\n",
      "7167\n",
      "[0. 0. 0.] [29.13405298  3.17825917 30.72318469] [-10.34887833  -2.06977968  17.0756623 ]\n",
      "[array([-0.84485413, -0.10447654, -0.52469625]), array([-0.51553897, -0.10310799,  0.85063994]), array([-0.1429723 ,  0.98916803,  0.03324949])]\n",
      "Rot mat [[-0.84485413 -0.10447654 -0.52469625]\n",
      " [-0.51553897 -0.10310799  0.85063994]\n",
      " [-0.1429723   0.98916803  0.03324949]]\n",
      "7651\n",
      "[0. 0. 0.] [40.6231679  12.69474365 40.6231679 ] [-11.378564    -1.79661696  14.9718017 ]\n",
      "[array([-0.76188973, -0.22770729, -0.60636081]), array([-0.60234031, -0.09510645,  0.79255341]), array([-0.23813902,  0.96907386, -0.06469665])]\n",
      "Rot mat [[-0.76188973 -0.22770729 -0.60636081]\n",
      " [-0.60234031 -0.09510645  0.79255341]\n",
      " [-0.23813902  0.96907386 -0.06469665]]\n",
      "8079\n",
      "[0. 0. 0.] [40.685138    5.98312579 41.88176316] [-11.01339765   0.55066988  24.22950678]\n",
      "[array([-0.90654267, -0.10137479, -0.40976034]), array([-0.41371395,  0.0206857 ,  0.91017189]), array([-0.0837923 ,  0.99463323, -0.06069263])]\n",
      "Rot mat [[-0.90654267 -0.10137479 -0.40976034]\n",
      " [-0.41371395  0.0206857   0.91017189]\n",
      " [-0.0837923   0.99463323 -0.06069263]]\n"
     ]
    },
    {
     "name": "stderr",
     "output_type": "stream",
     "text": [
      "  1%|▊                                                                                | 29/2911 [00:00<00:59, 48.07it/s]"
     ]
    },
    {
     "name": "stdout",
     "output_type": "stream",
     "text": [
      "8426\n",
      "[0. 0. 0.] [36.43369437  2.35055965 33.49547003] [-13.80293017   0.          14.95316757]\n",
      "[array([-0.73397592, -0.04744129, -0.67751654]), array([-0.67828027,  0.        ,  0.73480329]), array([-0.03486002,  0.99887403, -0.03217849])]\n",
      "Rot mat [[-0.73397592 -0.04744129 -0.67751654]\n",
      " [-0.67828027  0.          0.73480329]\n",
      " [-0.03486002  0.99887403 -0.03217849]]\n",
      "8790\n",
      "[0. 0. 0.] [34.67459521  0.55038894 33.57378836] [-12.82399455   0.53433329  17.63298978]\n",
      "[array([-0.80882583, -0.00804635, -0.58799323]), array([-0.58799521,  0.02449981,  0.80849329]), array([ 0.0079003 ,  0.99966745, -0.02454729])]\n",
      "Rot mat [[-0.80882583 -0.00804635 -0.58799323]\n",
      " [-0.58799521  0.02449981  0.80849329]\n",
      " [ 0.0079003   0.99966745 -0.02454729]]\n",
      "9284\n",
      "[0. 0. 0.] [37.69594922  5.21943589 46.39495903] [-16.8074463    3.36147669  26.33167739]\n",
      "[array([-0.8448219 , -0.05555799, -0.53215531]), array([-0.53494707,  0.10698901,  0.83808411]), array([ 0.01037251,  0.99270673, -0.12010724])]\n",
      "Rot mat [[-0.8448219  -0.05555799 -0.53215531]\n",
      " [-0.53494707  0.10698901  0.83808411]\n",
      " [ 0.01037251  0.99270673 -0.12010724]]\n",
      "9649\n",
      "[0. 0. 0.] [34.17141839 11.93285591 36.34101923] [-14.74062184   1.6378462   13.64872168]\n",
      "[array([-0.67465212, -0.23173509, -0.70081621]), array([-0.73133418,  0.08125932,  0.67716116]), array([-0.09997415,  0.96937906, -0.22429756])]\n",
      "Rot mat [[-0.67465212 -0.23173509 -0.70081621]\n",
      " [-0.73133418  0.08125932  0.67716116]\n",
      " [-0.09997415  0.96937906 -0.22429756]]\n",
      "10050\n",
      "[0. 0. 0.] [30.94682097  6.93637825 48.02094299] [-14.3219881    1.06088831  23.33954834]\n",
      "[array([-0.84897847, -0.11514402, -0.51572997]), array([-0.52262396,  0.0387129 ,  0.85168393]), array([-0.07810091,  0.99259416, -0.09304344])]\n",
      "Rot mat [[-0.84897847 -0.11514402 -0.51572997]\n",
      " [-0.52262396  0.0387129   0.85168393]\n",
      " [-0.07810091  0.99259416 -0.09304344]]\n",
      "10390\n",
      "[0. 0. 0.] [32.78248426  0.         35.16666581] [-21.00876259  -1.20049957  16.8069993 ]\n",
      "[array([-0.62480875,  0.00337235, -0.78077055]), array([-0.78009279, -0.04457669,  0.62407384]), array([-0.03269957,  0.99900027,  0.03048265])]\n",
      "Rot mat [[-0.62480875  0.00337235 -0.78077055]\n",
      " [-0.78009279 -0.04457669  0.62407384]\n",
      " [-0.03269957  0.99900027  0.03048265]]\n",
      "10578\n",
      "[0. 0. 0.] [22.16836864  7.56969622 35.68568637] [-12.22844612   1.11167692  14.45179996]\n",
      "[array([-0.75892707, -0.16739302, -0.62929268]), array([-0.64483142,  0.05862104,  0.7620735 ]), array([-0.09067599,  0.9841459 , -0.15242937])]\n",
      "Rot mat [[-0.75892707 -0.16739302 -0.62929268]\n",
      " [-0.64483142  0.05862104  0.7620735 ]\n",
      " [-0.09067599  0.9841459  -0.15242937]]\n",
      "11007\n",
      "[0. 0. 0.] [31.7114872   6.6761183  37.83128722] [-13.52470199   1.08197665  20.55755392]\n",
      "[array([-0.83173108, -0.12672808, -0.54052142]), array([-0.54908585,  0.04392689,  0.83461078]), array([-0.0820252 ,  0.99096439, -0.10611995])]\n",
      "Rot mat [[-0.83173108 -0.12672808 -0.54052142]\n",
      " [-0.54908585  0.04392689  0.83461078]\n",
